0 0
500 34461
1000 75959
1500 142068
2000 176289
2500 210270
3000 249299
3500 281448
4000 316809
4500 349617
5000 383214
5500 417908
6000 459111
6500 521788
7000 581758
7500 645686
8000 685932
8500 722909
9000 756011
9500 805541
10000 867556
10500 928124
11000 994298
11500 1061528
12000 1119496
12500 1156193
13000 1192290
13500 1253777
14000 1318327
14500 1384344
15000 1426084
15500 1462223
16000 1495731
16500 1529174
17000 1567653
17500 1600686
18000 1643449
18500 1705185
19000 1761424
19500 1800808
20000 1837731
20500 1871625
21000 1904731
21500 1953234
22000 1994747
22500 2034072
23000 2068494
23500 2101805
24000 2135727
24500 2169116
25000 2202560
25500 2238079
26000 2271745
26500 2305502
27000 2338789
27500 2372601
28000 2409400
28500 2441926
29000 2475622
29500 2509150
30000 2542759
30500 2577465
31000 2613008
31500 2647114
32000 2678705
32500 2712163
33000 2747314
33500 2781257
34000 2815952
34500 2849329
35000 2883189
35500 2915215
36000 2950527
36500 2985220
37000 3019201
37500 3052436
38000 3085334
38500 3124543
39000 3184313
39500 3251597
40000 3317497
40500 3378942
41000 3442811
41500 3526013
42000 3595572
42500 3645759
43000 3683592
43500 3717402
44000 3750536
44500 3785278
45000 3821198
45500 3855709
46000 3887708
46500 3920701
47000 3954731
47500 3988086
48000 4023642
48500 4062889
49000 4101289
49500 4133487
50000 4166638
50500 4202643
51000 4236798
51500 4273339
52000 4306266
52500 4339912
53000 4373043
53500 4406628
54000 4440903
54500 4476943
55000 4535881
55500 4580488
56000 4616499
56500 4652188
57000 4687262
57500 4721238
58000 4755952
58500 4816498
59000 4884108
59500 4946464
60000 4983992
60500 5036979
61000 5086018
61500 5122596
62000 5159768
62500 5193879
63000 5226912
63500 5260861
64000 5293513
64500 5327143
65000 5364107
65500 5397596
66000 5431066
66500 5464540
67000 5498033
67500 5533168
68000 5566459
68500 5600306
69000 5633862
69500 5667541
70000 5701948
70500 5737412
71000 5769761
71500 5805828
72000 5841497
72500 5874644
73000 5911422
73500 5944928
74000 5978374
74500 6010414
75000 6043295
75500 6078804
76000 6113672
76500 6147522
77000 6180695
77500 6216869
78000 6253157
78500 6286072
79000 6321714
79500 6378686
80000 6470429
80500 6534604
81000 6574397
81500 6652108
82000 6713527
82500 6778606
83000 6861779
83500 6900472
84000 6934678
84500 6973623
85000 7008571
85500 7040628
86000 7076226
86500 7109375
87000 7142522
87500 7178047
88000 7211944
88500 7247149
89000 7279056
89500 7311782
90000 7350589
90500 7385398
91000 7419129
91500 7453825
92000 7487604
92500 7519231
93000 7553454
93500 7587443
94000 7621958
94500 7655333
95000 7687870
95500 7723114
96000 7755327
96500 7789714
97000 7823226
97500 7855826
98000 7889169
98500 7940011
99000 7995751
99500 8032447
100000 8153987
100500 8217871
101000 8257412
101500 8294760
102000 8329904
102500 8362576
103000 8395101
103500 8428085
104000 8462893
104500 8497944
105000 8531114
105500 8565185
106000 8598371
106500 8630655
107000 8666896
107500 8702855
108000 8738226
108500 8771125
109000 8805202
109500 8838301
110000 8872711
110500 8907968
111000 8940966
111500 8974567
112000 9007272
112500 9042375
113000 9077279
113500 9110098
114000 9143159
114500 9176071
115000 9210328
115500 9244838
116000 9280766
116500 9314167
117000 9347657
117500 9384674
118000 9419592
118500 9457016
119000 9490818
119500 9524635
120000 9557631
120500 9590266
121000 9626520
121500 9660165
122000 9693842
122500 9726765
123000 9760256
123500 9799201
124000 9835515
124500 9868451
125000 9901372
125500 9934918
126000 9967989
126500 10004433
127000 10038323
127500 10071813
128000 10104472
128500 10137243
129000 10172648
129500 10207514
130000 10244051
130500 10279075
131000 10311966
131500 10346122
132000 10379063
132500 10414003
133000 10448223
133500 10481431
134000 10514596
134500 10549376
135000 10583699
135500 10617072
136000 10649894
136500 10683811
137000 10721822
137500 10756960
138000 10791813
138500 10824080
139000 10857622
139500 10892543
140000 10926739
140500 10959986
141000 10995529
141500 11029084
142000 11060822
142500 11096139
143000 11129142
143500 11164549
144000 11202180
144500 11236296
145000 11271377
145500 11303261
146000 11336876
146500 11371400
147000 11405449
147500 11439930
148000 11473799
148500 11507112
149000 11541646
149500 11574331
150000 11608751
150500 11642304
151000 11675280
151500 11709481
152000 11745003
152500 11779793
153000 11812498
153500 11845783
154000 11879548
154500 11912499
155000 11946894
155500 11983097
156000 12016510
156500 12056011
157000 12090204
157500 12129182
158000 12166607
158500 12200119
159000 12233752
159500 12266905
160000 12299511
160500 12336073
161000 12369598
161500 12403175
162000 12436386
162500 12470053
163000 12503019
163500 12538030
164000 12571851
164500 12605045
165000 12638893
165500 12671965
166000 12708508
166500 12742653
167000 12774326
167500 12808210
168000 12841836
168500 12877665
169000 12912618
169500 12946891
170000 12983422
170500 13016989
171000 13050576
171500 13085286
172000 13120743
172500 13154072
173000 13186789
173500 13220187
174000 13253687
174500 13289085
175000 13322741
175500 13356467
176000 13389579
176500 13423935
177000 13457581
177500 13490558
178000 13524718
178500 13557681
179000 13592209
179500 13625835
180000 13660333
180500 13694216
181000 13727102
181500 13759367
182000 13794415
182500 13827552
183000 13862570
183500 13895826
184000 13929680
184500 13964555
185000 13996510
185500 14030138
186000 14064994
186500 14102587
187000 14138900
187500 14172862
188000 14205759
188500 14239311
189000 14273434
189500 14306627
190000 14341775
190500 14375179
191000 14408686
191500 14443625
192000 14475965
192500 14511985
193000 14545538
193500 14579527
194000 14612523
194500 14650299
195000 14688723
195500 14720600
196000 14754221
196500 14787514
197000 14823750
197500 14858653
198000 14891682
198500 14925436
199000 14957244
199500 14990786
200000 15025196
200500 15249444
201000 15472839
201500 15684736
202000 15902177
202500 16128865
203000 16349698
203500 16581056
204000 16815192
204500 17057146
205000 17303259
205500 17563229
206000 17840018
206500 18129339
207000 18422316
207500 18714556
208000 19015368
208500 19306008
209000 19613108
209500 19918524
210000 20241665
210500 20513983
211000 21150943
211500 21417603
212000 21680176
212500 21941497
213000 22209523
213500 22480142
214000 22748952
214500 23024827
215000 23296073
215500 23562421
216000 23823826
216500 24094382
217000 24365501
217500 24630562
218000 24919684
218500 25175873
219000 25435481
219500 25692643
220000 25940191
220500 26174821
221000 26409094
221500 26644260
222000 26881576
222500 27121307
223000 27373381
223500 27620997
224000 27868979
224500 28153316
225000 28410072
225500 28662844
226000 28905657
226500 29151125
227000 29393426
227500 29632145
228000 29877692
228500 30117274
229000 30361646
229500 30603039
230000 30835875
230500 31003140
231000 31217047
231500 31436634
232000 31646389
232500 31862922
233000 32085202
233500 32297419
234000 32500225
234500 32711945
235000 32912021
235500 33108999
236000 33312445
236500 33500038
237000 33695280
237500 33871988
238000 34057355
238500 34250982
239000 34444506
239500 34629050
240000 34821644
240500 34905639
241000 34978632
241500 35047145
242000 35115402
242500 35183801
243000 35252318
243500 35317779
244000 35386600
244500 35474394
245000 35537737
245500 35606300
246000 35668522
246500 35727045
247000 35787885
247500 35840292
248000 35906799
248500 35969787
249000 36053332
249500 36122248
250000 36182111
250500 36232997
251000 36282907
251500 36336122
252000 36384120
252500 36431955
253000 36478746
253500 36534635
254000 36586656
254500 36634668
255000 36682453
255500 36731980
256000 36782726
256500 36830823
257000 36889122
257500 36935008
258000 36982865
258500 37034497
259000 37084209
259500 37131100
260000 37179265
260500 37223465
261000 37263824
261500 37301695
262000 37339843
262500 37378055
263000 37416748
263500 37452862
264000 37492177
264500 37534690
265000 37571606
265500 37613452
266000 37652565
266500 37691014
267000 37741811
267500 37780325
268000 37819858
268500 37858257
269000 37896344
269500 37935896
270000 37974094
270500 38009900
271000 38045076
271500 38078642
272000 38129951
272500 38167593
273000 38202766
273500 38234632
274000 38271068
274500 38304961
275000 38336450
275500 38370571
276000 38404507
276500 38439969
277000 38476271
277500 38509195
278000 38543149
278500 38575270
279000 38617215
279500 38654507
280000 38687726
280500 38716926
281000 38747282
281500 38777233
282000 38807414
282500 38837404
283000 38867057
283500 38894833
284000 38925700
284500 38955847
285000 38984501
285500 39014238
286000 39042437
286500 39071105
287000 39100981
287500 39129260
288000 39158321
288500 39188783
289000 39218768
289500 39248513
290000 39277710
290500 39303414
291000 39336299
291500 39364970
292000 39390964
292500 39417041
293000 39442924
293500 39467320
294000 39494855
294500 39521437
295000 39546837
295500 39573725
296000 39599755
296500 39626915
297000 39654038
297500 39679923
298000 39706260
298500 39731742
299000 39758016
299500 39784396
300000 39810095
300500 39833647
301000 39856578
301500 39879775
302000 39903005
302500 39926372
303000 39948598
303500 39970751
304000 39994674
304500 40025056
305000 40058100
305500 40085205
306000 40108830
306500 40131418
307000 40154110
307500 40177186
308000 40200210
308500 40223592
309000 40246462
309500 40269076
310000 40292494
310500 40316603
311000 40339624
311500 40360474
312000 40381668
312500 40402811
313000 40423427
313500 40444037
314000 40465412
314500 40486281
315000 40506626
315500 40528253
316000 40549322
316500 40570646
317000 40591193
317500 40611388
318000 40632435
318500 40652995
319000 40673771
319500 40694103
320000 40714611
320500 40732662
321000 40751673
321500 40770372
322000 40788701
322500 40807152
323000 40825833
323500 40844802
324000 40863875
324500 40882605
325000 40900594
325500 40919635
326000 40938029
326500 40960592
327000 40981870
327500 41000281
328000 41018982
328500 41037127
329000 41056008
329500 41074468
330000 41092829
330500 41109655
331000 41126368
331500 41143946
332000 41160456
332500 41177045
333000 41194150
333500 41211103
334000 41227828
334500 41244343
335000 41261093
335500 41277497
336000 41294154
336500 41311289
337000 41327902
337500 41344496
338000 41361079
338500 41377782
339000 41394673
339500 41411458
340000 41428224
340500 41443427
341000 41458694
341500 41473778
342000 41489172
342500 41504761
343000 41519770
343500 41535085
344000 41550232
344500 41565395
345000 41580255
345500 41595171
346000 41610049
346500 41626328
347000 41644066
347500 41660183
348000 41675164
348500 41689752
349000 41705080
349500 41719719
350000 41734362
350500 41748178
351000 41761870
351500 41775835
352000 41789671
352500 41803702
353000 41816842
353500 41830452
354000 41843625
354500 41856982
355000 41870209
355500 41884001
356000 41897222
356500 41910634
357000 41923831
357500 41937229
358000 41950609
358500 41963820
359000 41977067
359500 41990510
360000 42003985
360500 42015798
361000 42027115
361500 42038980
362000 42051175
362500 42063379
363000 42075308
363500 42090235
364000 42104643
364500 42116151
365000 42127349
365500 42138611
366000 42149788
366500 42161025
367000 42172308
367500 42183557
368000 42195336
368500 42206660
369000 42218796
369500 42230788
370000 42242008
370500 42252244
371000 42262382
371500 42272911
372000 42283269
372500 42294278
373000 42305638
373500 42315776
374000 42326600
374500 42336742
375000 42346836
375500 42356965
376000 42367132
376500 42377379
377000 42387439
377500 42397636
378000 42407872
378500 42417952
379000 42428271
379500 42438903
380000 42449015
380500 42458364
381000 42467615
381500 42476899
382000 42486216
382500 42495579
383000 42504821
383500 42514240
384000 42523592
384500 42532814
385000 42542084
385500 42551400
386000 42560667
386500 42570088
387000 42579346
387500 42588644
388000 42597857
388500 42607146
389000 42616389
389500 42625710
390000 42635099
390500 42643647
391000 42652125
391500 42660474
392000 42668914
392500 42677327
393000 42685742
393500 42694148
394000 42702577
394500 42710994
395000 42719412
395500 42727830
396000 42736533
396500 42744962
397000 42753378
397500 42761815
398000 42770249
398500 42778603
399000 42787045
399500 42795541
400000 42812651
