0 0
500 36123
1000 72836
1500 106890
2000 142207
2500 175705
3000 217833
3500 257860
4000 297971
4500 335296
5000 375215
5500 414692
6000 453154
6500 492856
7000 531147
7500 569496
8000 606669
8500 648412
9000 687695
9500 726091
10000 765473
10500 804135
11000 843613
11500 882279
12000 921048
12500 959581
13000 997800
13500 1037797
14000 1082008
14500 1123132
15000 1160763
15500 1199567
16000 1238849
16500 1280500
17000 1320805
17500 1359404
18000 1398154
18500 1434237
19000 1476057
19500 1515637
20000 1555690
20500 1597598
21000 1637074
21500 1676965
22000 1715466
22500 1755142
23000 1794324
23500 1832702
24000 1873584
24500 1913031
25000 1951493
25500 1991172
26000 2030833
26500 2070042
27000 2111246
27500 2149694
28000 2188788
28500 2231246
29000 2272513
29500 2320058
30000 2366031
30500 2407363
31000 2448594
31500 2488048
32000 2529695
32500 2569518
33000 2606994
33500 2645545
34000 2685953
34500 2723483
35000 2767938
35500 2807576
36000 2846207
36500 2885865
37000 2924365
37500 2966216
38000 3004701
38500 3043220
39000 3080148
39500 3120247
40000 3160306
40500 3198786
41000 3238057
41500 3276255
42000 3314961
42500 3357428
43000 3395782
43500 3433900
44000 3472314
44500 3511469
45000 3549025
45500 3592785
46000 3631789
46500 3670479
47000 3708567
47500 3746960
48000 3790835
48500 3830086
49000 3868136
49500 3910038
50000 3949192
50500 3990688
51000 4030532
51500 4069973
52000 4106689
52500 4144480
53000 4182573
53500 4225741
54000 4263902
54500 4303511
55000 4343656
55500 4382930
56000 4424589
56500 4464969
57000 4503206
57500 4541440
58000 4579748
58500 4620257
59000 4660553
59500 4699764
60000 4738759
60500 4776192
61000 4818002
61500 4855877
62000 4895444
62500 4936507
63000 4974771
63500 5013683
64000 5054559
64500 5092524
65000 5132092
65500 5169167
66000 5207694
66500 5249299
67000 5292831
67500 5334974
68000 5373560
68500 5411661
69000 5452889
69500 5492181
70000 5530593
70500 5570176
71000 5609496
71500 5647967
72000 5687744
72500 5728777
73000 5768627
73500 5808480
74000 5847015
74500 5888774
75000 5927438
75500 5964763
76000 6005666
76500 6044744
77000 6087591
77500 6126213
78000 6168637
78500 6208312
79000 6247643
79500 6292033
80000 6334241
80500 6373181
81000 6410233
81500 6458566
82000 6499433
82500 6539120
83000 6578539
83500 6616730
84000 6655762
84500 6694843
85000 6750232
85500 6790117
86000 6827599
86500 6865032
87000 6903474
87500 6947663
88000 6986994
88500 7025845
89000 7063444
89500 7100463
90000 7140422
90500 7181825
91000 7221126
91500 7259366
92000 7297397
92500 7336217
93000 7378055
93500 7416384
94000 7454813
94500 7493983
95000 7532541
95500 7573284
96000 7613993
96500 7652757
97000 7690421
97500 7727598
98000 7766120
98500 7810687
99000 7849262
99500 7888292
100000 7926316
100500 7964442
101000 8006157
101500 8046059
102000 8085126
102500 8126912
103000 8168967
103500 8210679
104000 8247939
104500 8289021
105000 8328261
105500 8366044
106000 8406983
106500 8446410
107000 8485173
107500 8523218
108000 8562489
108500 8600927
109000 8646420
109500 8686549
110000 8727811
110500 8766178
111000 8803268
111500 8844918
112000 8883701
112500 8923195
113000 8961812
113500 8999937
114000 9042492
114500 9080134
115000 9118831
115500 9162002
116000 9202180
116500 9240668
117000 9281823
117500 9321108
118000 9357802
118500 9397817
119000 9436573
119500 9478922
120000 9518029
120500 9556352
121000 9596687
121500 9634220
122000 9676670
122500 9715340
123000 9753926
123500 9791979
124000 9831566
124500 9874589
125000 9913885
125500 9951511
126000 9989642
126500 10028096
127000 10069016
127500 10110011
128000 10149443
128500 10186876
129000 10223539
129500 10273357
130000 10317293
130500 10356772
131000 10395025
131500 10432525
132000 10471321
132500 10513649
133000 10555088
133500 10593678
134000 10632940
134500 10671400
135000 10711067
135500 10755142
136000 10793261
136500 10832156
137000 10870542
137500 10908389
138000 10949637
138500 10988270
139000 11027615
139500 11065134
140000 11104066
140500 11143493
141000 11182739
141500 11220419
142000 11258390
142500 11295985
143000 11332406
143500 11372387
144000 11416130
144500 11457462
145000 11497720
145500 11536314
146000 11575490
146500 11614186
147000 11653132
147500 11691187
148000 11728699
148500 11768530
149000 11806930
149500 11847779
150000 11885261
150500 11925554
151000 11967336
151500 12005937
152000 12046362
152500 12084938
153000 12122675
153500 12159226
154000 12198297
154500 12237682
155000 12276040
155500 12315864
156000 12353324
156500 12392555
157000 12431540
157500 12468668
158000 12508591
158500 12549060
159000 12592242
159500 12630774
160000 12669014
160500 12708995
161000 12746138
161500 12786113
162000 12823985
162500 12863162
163000 12901464
163500 12940015
164000 12979230
164500 13021238
165000 13061381
165500 13099543
166000 13138437
166500 13178139
167000 13217946
167500 13257054
168000 13294346
168500 13332928
169000 13372296
169500 13416738
170000 13456954
170500 13495346
171000 13533181
171500 13570531
172000 13610978
172500 13651825
173000 13690404
173500 13729619
174000 13766246
174500 13809004
175000 13850283
175500 13888828
176000 13926763
176500 13965701
177000 14004581
177500 14045966
178000 14085092
178500 14122585
179000 14159167
179500 14200596
180000 14241722
180500 14289039
181000 14329171
181500 14367701
182000 14404726
182500 14442704
183000 14485923
183500 14524483
184000 14566852
184500 14606351
185000 14644728
185500 14684038
186000 14723635
186500 14762904
187000 14801192
187500 14837893
188000 14877401
188500 14917447
189000 14957501
189500 14994704
190000 15036793
190500 15077082
191000 15117687
191500 15157953
192000 15196218
192500 15234785
193000 15271330
193500 15310316
194000 15349472
194500 15389151
195000 15428658
195500 15466411
196000 15506579
196500 15543895
197000 15582841
197500 15621895
198000 15670190
198500 15713899
199000 15752073
199500 15790784
200000 15829982
200500 21152968
201000 21189098
201500 21210368
202000 21232765
202500 21255689
203000 21276954
203500 21298722
204000 21320056
204500 21341777
205000 21363113
205500 21384609
206000 21406091
206500 21427317
207000 21448595
207500 21470021
208000 21491160
208500 21512832
209000 21534614
209500 21556053
210000 21577784
210500 21599117
211000 21620539
211500 21644128
212000 21667672
212500 21689225
213000 21710518
213500 21731921
214000 21753358
214500 21774813
215000 21795939
215500 21817429
216000 21839025
216500 21860285
217000 21881725
217500 21903072
218000 21924838
218500 21946412
219000 21967588
219500 21988888
220000 22010872
220500 22035285
221000 22058223
221500 22079865
222000 22101505
222500 22123034
223000 22144269
223500 22165477
224000 22186911
224500 22208258
225000 22230084
225500 22251750
226000 22282989
226500 22306544
227000 22328444
227500 22350065
228000 22371633
228500 22393364
229000 22414941
229500 22436500
230000 22458381
230500 22480232
231000 22501629
231500 22523160
232000 22544711
232500 22567670
233000 22591780
233500 22613164
234000 22634853
234500 22656656
235000 22677834
235500 22699471
236000 22721052
236500 22743353
237000 22765045
237500 22786962
238000 22808654
238500 22830831
239000 22852434
239500 22874217
240000 22895621
240500 22917493
241000 22940681
241500 22965013
242000 22987025
242500 23008584
243000 23030011
243500 23051849
244000 23073399
244500 23095456
245000 23117359
245500 23139231
246000 23161167
246500 23183556
247000 23205578
247500 23227293
248000 23249253
248500 23271218
249000 23292806
249500 23315475
250000 23339492
250500 23362295
251000 23383936
251500 23405603
252000 23427386
252500 23449460
253000 23472078
253500 23494048
254000 23515861
254500 23538322
255000 23560274
255500 23582291
256000 23604373
256500 23626411
257000 23648691
257500 23670745
258000 23692523
258500 23715365
259000 23739870
259500 23762145
260000 23784165
260500 23805802
261000 23828217
261500 23849770
262000 23871817
262500 23893736
263000 23915895
263500 23938374
264000 23960678
264500 23982842
265000 24005177
265500 24027374
266000 24049573
266500 24071736
267000 24094131
267500 24120028
268000 24144112
268500 24166544
269000 24189829
269500 24211818
270000 24234725
270500 24257174
271000 24279751
271500 24303035
272000 24334325
272500 24358577
273000 24382155
273500 24404202
274000 24426526
274500 24449407
275000 24471694
275500 24494211
276000 24517010
276500 24539682
277000 24565145
277500 24590763
278000 24614243
278500 24637222
279000 24658796
279500 24680995
280000 24703443
280500 24726407
281000 24749227
281500 24771958
282000 24794976
282500 24818475
283000 24840391
283500 24862938
284000 24886190
284500 24909338
285000 24932061
285500 24954876
286000 24978810
286500 25003411
287000 25027772
287500 25051194
288000 25073354
288500 25096604
289000 25119466
289500 25142829
290000 25165828
290500 25188771
291000 25211303
291500 25234210
292000 25257735
292500 25281200
293000 25304369
293500 25326938
294000 25352401
294500 25377640
295000 25401281
295500 25424064
296000 25447352
296500 25470399
297000 25493334
297500 25516356
298000 25540459
298500 25564374
299000 25587672
299500 25611690
300000 25635661
300500 25659240
301000 25683181
301500 25707466
302000 25734521
302500 25758697
303000 25783678
303500 25807216
304000 25830524
304500 25853999
305000 25877350
305500 25900469
306000 25923979
306500 25947501
307000 25970967
307500 25995819
308000 26019829
308500 26043692
309000 26068015
309500 26092470
310000 26118810
310500 26142934
311000 26166925
311500 26190735
312000 26214622
312500 26238277
313000 26269289
313500 26295057
314000 26319069
314500 26342674
315000 26365700
315500 26389424
316000 26412351
316500 26437042
317000 26460860
317500 26484106
318000 26507528
318500 26531628
319000 26556385
319500 26580574
320000 26604367
320500 26628396
321000 26652146
321500 26675398
322000 26699762
322500 26723992
323000 26749055
323500 26773141
324000 26796874
324500 26822422
325000 26849507
325500 26874551
326000 26898755
326500 26923893
327000 26948303
327500 26973268
328000 26997327
328500 27021173
329000 27045523
329500 27070154
330000 27093985
330500 27118250
331000 27141949
331500 27167942
332000 27192600
332500 27217206
333000 27242779
333500 27267061
334000 27292398
334500 27324510
335000 27358190
335500 27391531
336000 27420968
336500 27448586
337000 27474201
337500 27498510
338000 27522611
338500 27546621
339000 27571541
339500 27595546
340000 27620397
340500 27644630
341000 27669593
341500 27693863
342000 27718294
342500 27741875
343000 27766939
343500 27791261
344000 27818139
344500 27842959
345000 27867685
345500 27891892
346000 27917842
346500 27944459
347000 27969107
347500 27993581
348000 28018075
348500 28042305
349000 28066877
349500 28091151
350000 28115639
350500 28139506
351000 28164241
351500 28188740
352000 28212840
352500 28237797
353000 28262894
353500 28287553
354000 28311728
354500 28336381
355000 28360084
355500 28384075
356000 28408726
356500 28433073
357000 28457837
357500 28481988
358000 28506079
358500 28530496
359000 28554527
359500 28579946
360000 28605716
360500 28633574
361000 28658879
361500 28684977
362000 28709248
362500 28734217
363000 28758261
363500 28782843
364000 28807677
364500 28832540
365000 28857256
365500 28882382
366000 28906922
366500 28931383
367000 28955652
367500 28981049
368000 29005345
368500 29029705
369000 29054030
369500 29079194
370000 29103919
370500 29128628
371000 29152284
371500 29176795
372000 29201286
372500 29226084
373000 29250198
373500 29274607
374000 29299652
374500 29324208
375000 29349415
375500 29375256
376000 29400128
376500 29425252
377000 29449988
377500 29474264
378000 29499244
378500 29523474
379000 29547196
379500 29571616
380000 29596475
380500 29621501
381000 29645843
381500 29670513
382000 29695521
382500 29721617
383000 29748964
383500 29774054
384000 29800087
384500 29823946
385000 29849177
385500 29873496
386000 29899084
386500 29923343
387000 29948119
387500 29972455
388000 29997344
388500 30022471
389000 30046799
389500 30070909
390000 30095957
390500 30121097
391000 30145301
391500 30169648
392000 30194340
392500 30218818
393000 30244453
393500 30278290
394000 30305814
394500 30331789
395000 30355995
395500 30380455
396000 30405011
396500 30430594
397000 30455059
397500 30479597
398000 30504214
398500 30528708
399000 30554939
399500 30579954
400000 30611654
